function data = fcnINITAPC10x47()
% Loads Cp and Ct data for APC 10x4.7 propeller
%
% data.CP.RPM = [J, Cp]
%
% Author: Thomas Ryan
% 18/08/2021

data.CP.RPM4000 = [0.1413785689714483, 0.044934640522875824
0.17624054007567946, 0.04444444444444445
0.21438983488132102, 0.043790849673202625
0.25385061919504653, 0.04281045751633987
0.2880396456828346, 0.04117647058823529
0.3235552115583076, 0.040359477124183016
0.3584085827313383, 0.0392156862745098
0.3991744066047473, 0.03741830065359476
0.4373065015479877, 0.035457516339869294
0.4649079807361542, 0.03316993464052287
0.5096168730650155, 0.03104575163398693
0.5332752837977297, 0.029084967320261446
0.5773090815273478, 0.02565359477124185
0.6121366529067769, 0.02254901960784314
0.6463084795321639, 0.019607843137254888
0.6824496904024768, 0.01633986928104575
0.7179373065015482, 0.013398692810457496];

data.CP.RPM5000 = [0.11378353973168215, 0.04771241830065359
0.14338235294117652, 0.04722222222222222
0.17034313725490202, 0.046241830065359465
0.19928620571035432, 0.04591503267973858
0.2295364637082904, 0.044934640522875824
0.2611025111799106, 0.04395424836601308
0.2880675954592364, 0.04330065359477124
0.31898004815961484, 0.04264705882352941
0.34856381148950816, 0.04101307189542486
0.3748667010663916, 0.0400326797385621
0.40708204334365333, 0.03839869281045752
0.43075335397316833, 0.03741830065359476
0.457703388372893, 0.03562091503267975
0.48728930168558654, 0.03415032679738561
0.5188230994152048, 0.030718954248366015
0.5457752837977297, 0.029084967320261446
0.5733832129342966, 0.02728758169934639
0.604261265909873, 0.024019607843137253
0.6358079635362919, 0.0215686274509804
0.7823357413140697, 0.007679738562091476
0.7494818541451671, 0.010784313725490186
0.6916580667354664, 0.016176470588235292
0.662749398004816, 0.019117647058823517];

data.CP.RPM6000 = [0.09540118679050569, 0.05065359477124183
0.11908109735122119, 0.05032679738562092
0.14736627106983147, 0.05
0.16774810801513595, 0.04901960784313726
0.19010792913656693, 0.04836601307189543
0.21443713450292406, 0.04738562091503268
0.2407464740282078, 0.04689542483660131
0.2670493636050912, 0.04591503267973858
0.28940488476092197, 0.044934640522875824
0.31701926384588935, 0.04362745098039217
0.3564778981768147, 0.042483660130718956
0.37948701410388724, 0.04117647058823529
0.40709924320605445, 0.03970588235294119
0.4563983488132097, 0.03643790849673202
0.43142199862401115, 0.03823529411764706
0.47743163054695564, 0.03496732026143792
0.5280422256621948, 0.03137254901960784
0.5503826969384247, 0.029248366013071903
0.6003353973168215, 0.02565359477124185
0.6213622291021674, 0.02369281045751634
0.6496151530787755, 0.02091503267973857
0.6693197454420365, 0.01846405228758169
0.6988906088751292, 0.01584967320261438
0.7179480564155489, 0.014215686274509809
0.7448873409012731, 0.011601307189542498
0.7731424148606811, 0.00898692810457516];

data.CT.RPM4000 = [0.13826644161974042, 0.09974010067364708
0.1726209502755829, 0.09395435331371639
0.21163572271430495, 0.08816636544235162
0.25220391641398676, 0.08237763073384216
0.28499305441455436, 0.07697725134057265
0.32089500963419926, 0.0713830677082555
0.35605610240630925, 0.0646353941059612
0.3966481948946212, 0.05807741713841877
0.4357406383963913, 0.04978939192519677
0.46620561920267656, 0.04419782222288604
0.5061165962150294, 0.034563249637783955
0.5319332626327503, 0.02858929931739082
0.5749690062584952, 0.01837630136372459
0.6117910648404009, 0.008166290758637146];

data.CT.RPM5000 = [0.11084855636379934, 0.10725328234925091
0.13971231833186457, 0.10320094400215087
0.16780534436660746, 0.09895666850886493
0.19589239570419278, 0.09490470358033726
0.2263215283275329, 0.09046699726657602
0.2583339556976205, 0.08506699129187888
0.28565027110188357, 0.08082308921716527
0.3160794037252236, 0.07638538290340405
0.3465503592286665, 0.07060150263633508
0.3731138627910797, 0.06558873172116086
0.40513823955548245, 0.05980410461694721
0.42859490059597605, 0.054792827376062336
0.4559709629718144, 0.04862581965376625
0.4848884972142974, 0.04284268622384199
0.5169785956474331, 0.0349426429072876
0.5443845315090591, 0.027814082361200282
0.5741205992621249, 0.02068440155939591
0.6038805658038208, 0.012785478498558545
0.6344291923703117, 0.004501560889632383];

data.CT.RPM6000 = [0.09036131981060211, 0.1166862089052861
0.11611226455959014, 0.1128276747972337
0.14342857996385314, 0.10858377272252011
0.16375449969379682, 0.10434323141495763
0.18718726194566018, 0.10010119643310576
0.21293820669464822, 0.09624266232505338
0.23559425831603156, 0.09200100076177387
0.26445204558693935, 0.08814097297943209
0.2855248024615753, 0.08486161107708849
0.310516960671556, 0.0804265186933337
0.33004824567954716, 0.07676328249861833
0.3550284544952128, 0.07271281124438
0.3761251101584788, 0.06866420708300344
0.40425995907332446, 0.0630737576364098
0.42927004137477776, 0.058061733558380235
0.4496198598933516, 0.05305194999178478
0.4738771303529552, 0.0472710570732946
0.5035952740145484, 0.04071830796576495
0.5247457019522324, 0.03493890872156413
0.5489910230175208, 0.029542636932590433
0.571712796307637, 0.02318555915697018
0.5998894681025855, 0.01624893575706876
0.621846480156537, 0.00950761027050434
0.6500470507401156, 0.0018017446115699554];

end