function data = fcnINITTRIPS()
% This function initialises the Cl vs Cd data for the 3 taper ratio Trips
% validation cases
%
% Author: Thomas Ryan
% Date: 4/08/2021

% Taper Ratio 0.3
temp30 = [0.015929824561403513, 0.04793388429752077
0.016631578947368424, 0.08264462809917361
0.017333333333333336, 0.11735537190082646
0.01817543859649123, 0.14380165289256208
0.019438596491228078, 0.17520661157024797
0.020701754385964912, 0.20661157024793386
0.0223859649122807, 0.2380165289256198
0.023649122807017548, 0.26280991735537196
0.025754385964912283, 0.2975206611570248
0.027719298245614036, 0.32231404958677684
0.02968421052631579, 0.3471074380165289
0.031929824561403516, 0.371900826446281
0.03403508771929825, 0.3950413223140496
0.03698245614035087, 0.42644628099173554
0.03936842105263158, 0.45289256198347105
0.042035087719298245, 0.4776859504132231
0.04470175438596491, 0.49917355371900823
0.047368421052631574, 0.5223140495867769
0.05003508771929824, 0.543801652892562
0.052701754385964916, 0.5652892561983471
0.05550877192982455, 0.5851239669421487
0.058175438596491214, 0.6033057851239669
0.060701754385964896, 0.621487603305785];
data.Trips{1}.CL = temp30(:,2);
data.Trips{1}.CD = temp30(:,1);

% Taper Ratio 0.5
temp50 = [0.01592964824120603, 0.048795565127223384
0.01638190954773869, 0.08687883863763257
0.017286432160804017, 0.12177554438860971
0.018190954773869342, 0.14714844061577725
0.019246231155778896, 0.1772792534099067
0.020753768844221105, 0.20739810161920713
0.022412060301507542, 0.2375129616335646
0.024221105527638186, 0.27079843662758235
0.026482412060301507, 0.3040719470367711
0.0285929648241206, 0.3341748424662997
0.03160804020100502, 0.37060301507537685
0.03507537688442211, 0.40701922309962507
0.03824120603015076, 0.4370942011645529
0.04155778894472362, 0.47033979420914096
0.04412060301507538, 0.4956688202919358
0.046984924623115584, 0.5194025683975432
0.04969849246231156, 0.5383783999361889
0.052110552763819096, 0.5557749062774188
0.0549748743718593, 0.5747467496211215
0.05768844221105528, 0.5937225811597671
0.06010050251256281, 0.6095317859136954
0.06281407035175879, 0.6285076174523411];
data.Trips{2}.CL = temp50(:,2);
data.Trips{2}.CD = temp50(:,1);

% Taper Ratio 1.0
temp10 = [0.01472, 0.050420168067227045
0.015679999999999996, 0.09243697478991608
0.01696, 0.14117647058823546
0.018239999999999996, 0.1798319327731095
0.020960000000000003, 0.2369747899159665
0.023200000000000002, 0.27394957983193285
0.025440000000000008, 0.30420168067226905
0.027840000000000007, 0.3378151260504203
0.030880000000000008, 0.37478991596638667
0.03424000000000001, 0.4100840336134455
0.03760000000000001, 0.4403361344537816
0.04128000000000001, 0.47058823529411775
0.04416000000000002, 0.49411764705882366
0.04704000000000001, 0.515966386554622
0.05008000000000001, 0.5361344537815127
0.05328000000000001, 0.5596638655462186
0.05600000000000001, 0.5764705882352943
0.05888, 0.596638655462185
0.06208000000000001, 0.6151260504201682
0.06528, 0.6352941176470589];
data.Trips{3}.CL = temp10(:,2);
data.Trips{3}.CD = temp10(:,1);
end 