function data = fcnSTAB_VALIDATION()
% Loads the valdiation data for the GENMAV stabilitity derivatives
% 
% Author: Tom Ryan
    data.CNb.beta_vec =  [-14 -10 -6 -4 -2 0 2 4 6 10 14];
    data.Clb.beta_vec = flip([-14 -10 -6 -4 -2 0 2 4 6 10 14]);
    data.Clb.alpha0 = [-0.029115031123616686;
                     -0.021246147124722947;
                     -0.01285267085923629;
                     -0.00891822885978942;
                    -0.0044591945937496325;
                     -0.0001313083943580845;
                     0.004458873938329944;
                     0.008786760137721492;
                     0.012852350203816594;
                     0.020983850991426467;
                     0.02885241433490053];
     data.Clb.alpha10 = [-0.04078720905530907
                    -0.029377327256913152;
                    -0.01770514932522077;
                    -0.011540548881914636;
                    -0.006164440115596276;
                    0.000261815150166933;
                    0.006163798804756912;
                    0.012065461803927216;
                    0.017967445458517202;
                    0.029769809490598785;
                    0.041049184533185824];
    data.Clb.alphaneg8 =[ -0.018990656902709152;
                    -0.014137537125885322;
                    -0.008104726060066791;
                    -0.005744381515818339;
                    -0.0031214201828537597;
                    -0.00010501464994448761;
                    0.0029120321938041344;
                    0.005665820937997251;
                    0.00828910292638152;
                    0.014189803959292785;
                    0.018780627602820163];
    data.Clb.alphaneg4 = [-0.024446608868527286;
                    -0.01775741615862826;
                    -0.01028229701509889;
                    -0.007002954038053788;
                    -0.0035931043051998374;
                    0.00007872090553089073;
                    0.0034885706383848414;
                    0.007029889093306721;
                    0.010439738826160672;
                    0.017652241180973895;
                    0.023947669035508573];
    data.Clb.alpha4 = [-0.033915242756193675;
                    -0.024865705502046198;
                    -0.014635835648064643;
                    -0.010045973970796318;
                    -0.004931199371515385;
                    0.00005210650569764663;
                    0.004904905627101788;
                    0.010019359570963046;
                    0.014871838036947513;
                    0.02470762238014501;
                    0.0340200970784283];
    data.Cma = [-7.991624614611816, 0.21430632690144064;
                -3.98504834811669, 0.19226712046151762;
                -1.9957533618151082, 0.17603865799057394;
                -0.006266161956579808, 0.15507405347637448;
                2.0684485290537236, 0.13410406698258043;
                4.029718778751944, 0.10840511441832346;
                5.99102747116156, 0.0817589334454153;
                7.9810528689795515, 0.04753313121009972;
                10.027819708809277, 0.01519819780569015;
                12.017921992050047, -0.020922061246927637;
                14.008254931559156, -0.0627256907514524;
                15.970024936505451, -0.1007386126281744];
    data.CNb.alpha0 = [ -0.018736842105263142;
                 -0.013684210526315778;
                -0.008421052631578933;
                 -0.005684210526315785;
                -0.002947368421052622;
                 6.938893903907228e-18;
                 0.002947368421052643;
                0.0056842105263158055;
                 0.008421052631578961;
                 0.013684210526315806;
                 0.01873684210526317];
    data.CNb.alpha4 = [-0.018947368421052622;
                 -0.013684210526315778;
                 -0.008631578947368414;
                 -0.005684210526315785;
                 -0.002947368421052622;
                -0.00021052631578945963;
                 0.0027368421052631695;
                0.005473684210526332;
                 0.00821052631578948;
                 0.013684210526315806;
                 0.018947368421052643];
    data.CNb.alphaneg4 = [-0.01936842105263157
                -0.013894736842105258
                -0.008631578947368414
                -0.005684210526315785
                -0.002947368421052622
                6.938893903907228e-18
                 0.0027368421052631695
                0.005473684210526332
                0.008631578947368435
                0.01389473684210528
                0.019578947368421064];
end